4486822
89406
5273755
572766
521198
633458
611513
417761
5284639
14109405
131751706
57397445
10601916
78075359
73113647
72822405
72728372
75069543
85116100
5281342
3718818
160544
626608
5379096
16129878
26318
5316020
73819874
433873
189267
13644660
3084407
164544
73386
13915666
13915666
12303220
14311148
14311148
14311150
74315893
12313693
14109402
14109389
14109405
57396771
74028537
73657194
74036828
14807332
14135956
13988279
5274585
78302543
375148
312822
86747
12795736
71308174
250397
634657
14228859
4635494
73210496
110745
73323377
375682
5281703
13892721
6199
522266
634628
578305
122544
5316743
348159
5281426
1249
70673796
433869
3324650
179866
73072970
633877
24721031
14034911
81323
75251600
163334
5320692
616063
21588226
621329
3917786
500182
282783
267360
637125
323273
2180
20111686
623060
14521038
73442
12447833
496348
4053302
5387370
4482010
46173858
12313751
12315004
5291488
24832659
20055771
135438671
5087850
72987608
5280961
15917996
296191
222515
296119
5281855
5358385
4426320
5320351
662
10207
361512
10208
5835713
10212
108104
10228
5281708
234817
5281692
5281605
5280445
604512
619166
3220
285698
3594
5281702
3593
10639
5353915
10658
271605
11092
556919
164676
114917
18759764
5385553
5320438
23915
126
230881
73189060
73082616
12444571
4183640
5099
372976
12004532
5317750
68081
3807559
348159
58427569
60150332
3802778
205954
73442
232990
21637642
5275725
5275726
92031382
92126
3733033
5280448
91973796
3495
3230
3794292
72728334
10168
709
1254
502233
321937
5385074
500122
51346122
75305806
4483250
53395247
146723
147439
15574810
2518
5417
416228
53461630
15011073
15602265
5280343
14137129
11289628
289
8468
344467
8768
581257
9853848
4481461
317840
544165
2236
108168
234096
271916
4484595
223996
5281600
14539910
230232
171429
22116985
521215
152463
5213
85704
3645183
130556
130556
130556
13751990
12456
318730
316448
145659
614
370
5293655
345510
273568
12303220
12855923
12831933
15574829
618457
564869
3800204
14284432
431252
71307558
585998
285670
176911
11784642
318797
15618
12313332
2203
86821
5281811
3473
24721270
196319
75296842
5280378
432524
432450
432116
12912318
12901617
14081290
73717426
100018
432449
75236001
4483443
328778
4483645
19857461
4483645
3660596
11629473
68245
494234
2353
12901617
3515873
2889
5480901
5378597
5280863
13653335
4813
500216
1889
119177
3664530
529865
5321884