PUBCHEM CID
11327
119205
11328
11306
11251
11336443
1130
11311158
11348702
11322321
111647
11304
10975943
11161
10975
11173
11141599
11367750
11141871
11245138
11126
11141699
111470
10981748
11140882
11267348
1123
11229631
11334829
10999422
10987427
10911884
11005
10999431
10970376
10988340
10955174
10990178
10998493
10981007
10966925
11310616
10958572
11289685
10955433
102248365
112720
10957
10976
10574
10495590
10588681
11349
11162971
11299991
11242495
10606
10607083
10570654
11131571
11253808
10466390
11361584
11254485
11355930
111664
11344623
10571940
10449043
1045
11001876
10978265
10914255
10495449
11281
10466
10452259
10225
11287
11298626
11265
11289514
11128369
11128
11266327
10957726
1060
10643
11119228
441563
11294368
11138655
11185307
11182569
10582
10598736
10455058
11263766
1057
11196899
10585158
10446798
10465398
10464455
10565597
10955426
10451
10614948
10523159
10449689
10903632
1062
10569999
11221431
10522005
11208839
11210164
10902491
1054
10455
11223782
10505484
11220670
10496
10537970
11174076
10539760
10545
10550
102251628
10558
10568746
105563
102090478
10922510
10931
102090423
10219
102090470
10518902
10494596
11196443
102239745
102090418
101835682
10505
10208
10221
101930091
101939796
101927009
101946254
11109238
102180783
10217
101930090
101915797
10189
101893838
101967071
101915963
101967000
102251629
101967034
101967023
101844701
6602484
11105955
11106144
11110322
11106791
10445823
11064987
11012859
11007914
11023938
10926678
10933292
11010621
11014
102122200
10930
11103050
11079623
10954333
11021533
10932
110685
102120031
11087072
1102
10944069
11073784
11023792
102093821
10955323
102118431
102093814
102067318
102093825
11066271
110918
10925304
110680
10950057
102093830
11095026
102093813
10207
102075607
102117092
11092
102067319
11050
11034695
10211
11032594
100964235
102094751
11052523
11066
10095770
11063978
100980006
10488522
100985848
102067555
11035822
100985849
102101460
101193829
100980007
11056805
10442
11107208
10098
480854
1103
101021575
101046538
11024959
10105863
10105874
100947536
101010
101211
101134822
101118337
101204867
101094502
101218858
100949563
101232102
101199
101254194
10106
101176447
101193828
101091319
10125228
101253695
101134
101010400
101260815
101254152
10860413
10002902
NA
NA
NA
NA
NA
NA
NA
10106765
NA
NA
NA
NA
NA
NA
NA
NA
NA
101250074
NA
NA
NA
NA
11022691
NA
NA
NA
NA
NA
NA
NA
NA
NA
1001
NA
NA
NA
NA
NA
NA
NA
NA
NA
10704987
NA
NA
10703
NA
NA
NA
10795
NA
10706
10797
NA
10829382
10830108
10831084
10834
10853265
NA
10692563
10666
10786
100605
10712965
10790
10471697
10473
10665247
10874
10719
10899690
104822
107848
10466989
10686
10680
10682466
107935
10470863
10473975
10658
108168
10720
108765
NA
10475714
10001604
100630
10812
10844965
10889619
10864
10890
10851977
10820
107971
10779560
107978
10805526
108064
108052
10889388
10001150
10819
100999616
10772
NA
10014817
10074
108010
107740
100188
107982
100005
10018499
1081
10779195
10801302
10885
108104
10881
10886
10087732
100801
100780
10016895
100173
100281
10088963
100026
100017
10015663
NA
107985
NA
100313
100633
100936704
11373576
100913930
100413
100582
10763252
10065830
10047
10748
10726
107243
100492
10059997
100715
10038861
10041596
460541
10722
460539
10046140
10013795
101915994
NA
10742
10043229
460537
10071564
46173375
46173920
102259583
485077
485186
480873
457732
NA
4825
453131
45934202
46883407
482787
483522
480860
452855
46842526
487089
4650
46881084
464
467798
46173964
46695
466078
476856
454
466076
46173956
46173965
45360314
45359277
443955
46173954
480764
479500
47936
45382232
4788
47945
46173955
454714
4680
45070
44559333
480767
445154
44418781
44423097
44418788
493173
493570
46906714
49787014
480774
49866283
480799
4715095
474518
49870278
500428
46902093
480775
473252
474521
441777
49940
49866839
500472
4970
46173968
441801
441784
480787
44409502
472107
441627
441796
441794
46173970
442399
4440434
441447
441467
441450
441774
441594
442352
441709
441581
442074
442077
441694
442424
442463
442410
441746
442351
441735
44151023
441803
442042
441839
441886
441564
441552
442383
442406
46173969
441996
442266
442108
441964
442187
442291
441972
442109
441958
442282
442279
442101
441976
442218
442190
441960
441966
46240156
442220
442277
463087
46173971
442256
442290
46229103
46226658
442192
442196
442021
442200
442113
442202
442503
49769861
442347
442475
442219
442330
442140
44229000
442146
442555
442300
442507
442508
442363
442088
442142
442118
442156
442166
442160
442168
442106
442246
442309
442254
442147
442292
442486
442157
442145
10398072
1038238
10404245
442550
442536
10402
442551
442173
442547
10422105
10393
10400054
442320
10385474
44559173
10423984
442318
10425993
10429470
10404353
10430
10426197
10429233
10427798
10394
493164
10383349
102706
442084
10407368
10237057
10228
102286643
102267534
102278633
102399433
10231
10235
102066560
10241
10241773
102061673
101967146
129715912
101967152
101967169
101986336
101994
101995281
101995817
102004659
101986486
101995282
443689
443686
101967123
102523309
443456
10205
102066908
102039489
102059835
10381709
102397650
102820
10290861
102060338
1031
10313699
10281
101995825
10316325
10286
443458
10227
10302
10331015
10285
102059900
10328
10329
10321
10314
10332932
10342859
10319368
101995280
10341
10347
10379026
10357912
10355
10360893
10360205
448223
10368299
10354206
10336244
4501
10257
443669
102065728
10354359
44559462
44715635
44584607
443638
4485535
10359384
443670
4484222
10359012
10364
44593373
443671
44593495
44593378
443672
102271366
10256
44584269
44443280
44577475
44448251
44448173
44445443
44446855
44443369
443719
447466
443401
443356
10244953
443353
443402
443716
443325
443326
443465
44445003
443421
443361
44558930
443417
443464
443777
445935
443358
443449
443730
10251
10248089
10249
102494047
5362459
44575401
161362
4484071
10248
102420134
10436
102586046
44575587
10265329
102442792
10265686
44577222
10268
102439234
44567052
10251869
44575586
102577163
44566790
44583831
446220
44568535
44579900
44575928
15298907
15298902
15241411
44575456
44578390
44575400
153845
44560009
44566629
148821
15160702
15290942
15287521
151491
15376
44563198
15379485
148822
15286471
10425723
152430
15340661
44566416
148724
15382978
1491
15317
15291051
14933478
148715
149138
14900
14887327
15139424
151467
15160703
160521
160522
15160709
160525
160597
16048621
160476
159888
148856
156117
14886044
160477
160503
15160710
160500
160475
15160713
15650
160487
160502
15161428
15224755
160491
156589
159962
15232507
15160714
15172
15559331
15600
160492
15601950
15559227
151730
15628130
155102
156169
155148
1550890
15628138
15484573
15462433
156288
15595
15559079
1549778
155059
15461
155011
1550607
156338
15596
15448
15628134
14072
156155
15628122
5352469
15081178
15511175
1549018
150889
15068
15411809
15488960
156431
1548943
15071950
15608
15215479
15224382
15160707
148710
1549095
151328
15037
15011079
15138471
150636
155939
15407259
15560302
155942
15559800
148588
15560372
15593213
151252
15927877
159646
15573079
15559956
15126296
15559731
15942893
15858385
155901
15394
15126295
159966
159529
159982
158803
158594
159650
15559789
158480
15560442
158755
159278
15885844
158929
159360
15559891
15725887
15953986
15725888
158720
157288
15715950
15847407
15109284
15109283
148535
158703
15895794
14076601
159287
14048616
14162621
14160552
14059042
14079439
14059029
14104
14102500
14093951
158975
14162547
15767607
157218
14158117
14132344
14048817
159238
14841185
14847270
14104336
157209
159239
137
14108150
160717
15923779
160756
141607
14079
14157883
14133592
161271
159846
161314
161276
160712
161218
160472
161036
14132342
15690954
160473
15719488
160705
160144
16070022
160179
160803
161294
160237
16104870
15817847
15818782
161197
15838767
157953
15736732
156743
15825508
114778
15801061
15719487
160877
15558753
157798
15747403
157631
15760
160920
15736246
11388
15558616
16091585
160875
11390848
157661
15800949
157642
11473265
160921
160876
15690955
161171
15761
157301
11387
11417464
159819
11414008
11419
11405466
11427657
11404626
11409
11402337
11537197
11378967
11452543
11537736
156979
115121
11503
11435991
114943
1146
11467
11527
11472344
11458355
114522
11471752
11536299
119093
11491431
12232
11500375
11472044
115025
11513
119057278
1150
101652686
11380920
115067
11469190
11461
11440181
114703
11468
15560536
11428
114911
11552
11579
115244
11582
11551959
11593
11583623
11583
11435957
11569
11666871
115158
114829
11617
11655574
11622
114850
12305842
11644243
11759899
11658413
11487
11646359
11624161
11438278
11439
11723922
11613
11724915
11618968
11724027
11710066
117301
11701599
11630759
11725426
11633800
11731733
117440
11740369
12114535
117443
11738939
120699
11778601
11792226
13663
11807698
11833
11817393
11816089
119041
11816173
1183
11830997
11830550
11870470
11896611
11902
11874
11762744
118284
11768666
11768
118210
11808267
11851219
11700871
12256
1188
11597
119040
119454
11771639
11876195
11594
118701563
12041593
12024
118856031
12020
12044565
12073
122635
119406
12093
119404
155248
119396
11918
121052
13704001
12004512
15558507
11378
11982272
15548
119268
155365
119252
15553295
155381
155380
119199
119104
11968803
155493
15558323
121008846
12097
15558517
119287
11989
155586
12110705
13673340
15558419
11969544
11972552
11972501
11962143
11972555
12304515
12009
122121
122130677
12304090
12214329
11975519
122850
12304001
12304498
12304285
119586
12218868
122691
12004584
12267346
122640
12304631
122228061
12296
11988260
1198
122784
12209
122681
121719
122045
11988272
122212724
12116764
12304585
12285
12304690
12127
122220424
121493613
12132870
122840
121513836
14081907
12303831
119269
121536
12281224
12303212
12302545
12305710
11953964
12302501
12302130
12300005
12305449
12305823
12303820
12299861
12305705
101652306
12297
12303287
12300212
122371
12218867
12305426
12303802
11953961
12302397
101667973
11953806
14082276
12299857
101664553
14081913
12302502
101667093
12302349
12303796
101289822
101289824
101715614
101682301
10168
101297706
101641322
10167
101297732
101297731
101795
101637361
101297661
101289829
101636546
101663503
12304863
101289823
101529197
10171348
101529198
101297688
101672255
101712484
101686461
101689
101688177
101746
101642997
101643010
101683063
101651530
101731567
101647997
101286227
101413035
101685340
101289683
101301
101816929
101289698
101528956
101417644
101686
101286254
101286216
101415049
10146
101289712
101651627
101412154
101412155
101422868
101287751
101413013
101421018
101282059
101280184
101306776
101289780
101281327
101289753
101417439
101277371
101306716
101289784
101286204
101277375
101281058
101289771
101300
101306721
101306747
101306753
101289568
101289617
NA
NA
NA
NA
NA
NA
101281365
NA
NA
NA
101277285
101281364
NA
101616
NA
NA
NA
NA
NA
NA
101618010
NA
NA
101613944
NA
NA
NA
101616641
NA
NA
NA
NA
NA
NA
NA
101281328
NA
101281358
NA
NA
NA
NA
NA
NA
101532797
NA
NA
NA
101600137
NA
NA
101602348
101593493
101593131
101529308
101529337
NA
NA
NA
101596917
101712568
13994712
10154
101707
101593496
NA
138225
NA
101694474
101711019
101634962
101548614
101595
101630664
101628359
101631697
101587911
101596794
10153
10163
101630461
101603242
101618849
101604998
101603339
101603222
101277353
101608671
101618011
101608758
101629458
101603223
101592487
13962928
101593061
13982110
13940641
NA
14237667
13965866
101609249
13939273
13916282
13966127
13944249
101553161
14587119
101625871
13939326
13967479
13963762
14237668
146013
13967189
13995524
13915428
14021308
14033977
13983738
14021480
14033978
139100
14033985
14562695
14550385
14619932
14565842
14542455
14543200
14779023
146229
14539911
14630495
147806
14564587
14034812
14565522
14565523
14034125
14657303
145879
14543213
14542258
14033983
14543701
14630492
14633011
14659188
146349
14655081
146093
145858
145709
14656908
14583329
145659
14539884
14539883
14236709
14188388
14605550
14162622
146487
13779265
14237663
14656910
14191392
13989915
NA
14607933
14216594
14191322
14191199
14219389
NA
101627297
14165782
14076604
14237665
14166166
14235
14235431
14165960
14185882
14191208
14213534
13786166
14191260
14236734
14165821
14236566
14237662
14237636
14237661
14237664
14191204
13733135
14237666
14191522
14236711
13704003
155725
13878324
13894650
13821316
13846690
147329
13819666
13875741
13891905
13873655
13887
13855752
13846692
13855735
13891896
13855300
13855851
13888976
138016
13889568
138363
14805261
13874489
13894653
13891936
14454061
13870579
14447045
184173
13856913
14216298
101324838
147362
14213835
101324778
11372950
14521099
14427468
14514
14413737
101326866
101364
14412544
101342749
11374
14427467
101320291
14391671
101457306
14427377
101426479
14466830
14505
14413453
101335609
14507159
101316850
101405
10148
101473393
10144
101461988
101320290
101320289
101377895
14427337
10149
10132
101316884
14728997
101316925
147279
14309762
101317816
101316798
101316818
101316906
14328
160600
14504
101320292
14833726
14728998
101316926
14311178
14728996
14309761
14526586
101317819
14704458
14704585
10143
14296
14779021
25211
14833701
14826840
14403175
148419
14379528
14833699
14529
146680
146694
146831
14335237
147157
14488033
14335983
14282366
14484636
14375937
14841159
14281864
14254
14282362
14262868
14240392
14357386
14355673
14483216
14286
14478664
2751795
142768
14355861
14081915
14194343
14467538
14039008
14478661
14257
14475467
14259055
14841156
2724705
27282456
273
2733989
27460
2735473
14536300
2751747
261859
25202184
2775187
244
25245506
24405
26195174
14345
2773624
2754650
278055
14287397
2724265
261166
240122
2762759
25203405
2737368
262
25201359
23900101
242
27694
25202482
24360
243761
25245123
2703
24020
26948
26613
243678
23890
263
26808
245310
42607617
14194109
42607646
26905
25255091
42607652
42607618
26548
2762680
251890
26211019
243
246331
267137
389483
252471
260534
42607669
269014
26396
268208
14841158
264751
42607662
42607727
2519
3938139
26331
5316736
393602
393472
4075158
4055
384878
3860435
258412
42607798
386320
384679
25797
25792362
3884
25751134
42607830
3862
42607514
393601
256420
23662386
42607302
4114
254122
412
30914
257278
38845
25200342
3893
25311
25701
42607530
419816
3085221
40539
3081980
4133
23680511
3085362
3913820
3082134
3083983
3083923
3084590
3082543
3084961
3083928
3082648
389484
3084708
3085261
3084009
3086224
3085347
3084796
3085044
288121
3081548
259218
3084295
3080551
3085181
3084066
3084495
29771
3084902
298061
299664
3000667
3000320
3000668
28495
2969
3085176
2879
3084401
292101
28578
3084131
291096
287064
29339
290988
23677950
286759
25109982
3081416
2950
28564
25090669
25102
3084288
3080808
3084390
3084336
29435
3084224
251575
29746
25141336
29408
24721137
25113338
24893138
298042
2948
3055167
362908
363127
23719
23724594
368
23758
237620
3080731
23682006
3083811
3080590
3082861
23724664
3083633
3083848
3083590
5368798
3083586
343080
3083845
24916955
3080564
3083591
237332
343166
343547
308140
23757
24721577
3083746
3083613
3083821
24868376
3086653
24874130
3080775
30835
3083575
3083567
23650
3083634
246728
4053302
161355
343582
344234
34296
344310
34645
3534338
348154
348482
3469
354616
354368
348484
34295
3083619
355436
3461265
362637
358901
359
125733
3083630
3604942
35821
363452
3587356
3713609
356063
363128
362487
3515
3532
3646
3646534
364825
36284
36586
361510
342
36581
176717
23668194
3830
176907
379
179620
179611
176920
3496888
36283
375105
177751
17691
3828
37246
375152
179491
177149
381152
189168
3765
181686
369598
177134
189151
179375
177773
177696
3756584
177023
176911
643139
179536
179640
178939
3083616
3806
3084326
177032
180429
178999
17898
179
179484
179524
179963
181848
182000
181511
182049
181538
182337
1803558
182645
182199
182026
1832
181851
181561
18314639
180441
182938
440357
181484
440312
180314
181107
182423
182690
31433
182421
182449
182140
31404
42614008
4276
427150
179651
182073
32240
440356
31408
182071
440391
440453
439514
440632
440582
439192
439230
42607953
439389
180589
42608025
439503
42608105
440832
18170
440752
440186
42608163
42607840
399491
42607881
18064
439202
428
42607880
42608054
440904
42608113
403772
4277
440015
42608203
439260
440229
440667
440933
440047
440930
398941
440906
323964
31242
31261
439774
31244
332806
31241
439612
4382
31252
332
320054
31268
429241
317405
317838
3218
31211
31265
31245
31260
321920
32464
318771
42978
332427
31256
439631
31226
31161
323
31253
31762
439378
31284
322598
31276
440914
439783
3102
311
31069
289078
334102
329253
328260
33005
31289
329251
329584
33510
330877
3286789
4340980
3314
33637
326996
436140
340211
32594
336327
33135
33962
439653
433424
7092581
326
33936
335426
101316727
325292
440586
335
375430
324879
189060
325518
338719
13846649
13846650
435723
28930
31291
338659
324878
5352907
7067262
183466
101664422
331149
324877
32465
21674978
6504360
16745513
13935024
6440982
5318734
12304272
3084503
44146779
13894537
102004872
324203
101289704
129317087
5352855
171455
13783712
7059596
6443977
14061714
6432454
156517
433422
100915177
5281750
102023
91746499
64782
433179
10130117
10198387
441417
199742
73061
107948
5283316
101316907
21607602
6439929
12302705
102004675
155882
527427
5368956
157557
183337
6428442
5362616
442195
643941
10736226
12566815
5368938
101630647
12313579
6427970
6325056
6429040
21626387
5281929
394846
10548420
71676045
5460659
91103
72521
87691
12302240
161533
12877769
170833
NA
168338
12309636
73399
251563
637584
57339298
NA
46881275
5283349
14059526
6428553
41169
25244198
72313
3035235
12309361
5281743
12309360
13475125
1549035
6432428
6427072
12312991
149801
442405
38359583
13475120
6510283
156006
5375648
6439823
5354833
5281756
185071
NA
5283335
5317425
24834047
4369270
14632999
92760
12305991
14237670
641297
14237669
5281504
10336764
73614
442758
114843
107721
257280
6442678
5380858
6442374
10197
5358705
5281505
5281437
12309649
14987
12304371
184474
11369949
5384527
91753170
929091
184491
197775
11276107
73073
102117188
15839040
72378
6428431
65689
20054951
15306
6428432
5364919
44144315
15558731
155173
101529338
101297603
3009225
21573744
NA
45038803
131900
101297632
12814879
101316824
443693
5364920
107938
23279773
5281545
5281543
5463682
5366155
72646
470970
688597
NA
65030
115196
5283345
449093
442977
443055
5280841
398937
643924
637540
5354834
161671
642290
3050416
101749
56927990
25147318
442023
91461
642520
101277405
15560285
91752790
92767
821399
441979
479503
3084296
122797
101306938
161109
5352708
442835
119033
62566
73620
667499
247
3083857
15560252
12304105
181982
73201
7461
5287846
479756
101449606
6553885
439655
10337211
11651583
24139
14526073
12309368
101760032
122667
443026
11746218
44584550
12480741
122173119
441893
5464381
11953937
7251183
5352703
92747
11085337
5281166
305
3047739
303840
3009614
5460548
440735
3050414
3036108
30215
14219439
131752037
6328195
30358
10469722
30181
30248
3028066
3032313
3032514
3010100
3013843
3034757
289
280225
29025
29052
167691
3010931
3086504
3037463
3036945
3038509
3012902
3033836
21600408
56842090
469209
442436
443756
440583
265237
5273469
3035211
3010626
3037565
12308843
3033049
21596327
8051
11464176
5317435
3035740
3032910
3027206
3037212
637775
5469424
159930
65752
439654
11019992
196979
158103
717531
71300386
6427514
108053
12311356
10787153
442706
5282109
5354882
11019783
13619433
10245246
11368318
668081
10335933
125409
5463724
5363397
91746528
100332
102095305
301751
439764
5460291
91895387
91434
5282110
5315912
5316209
638024
15558574
21679024
6428280
90454
62335
75699
101744
91746961
5464032
21722929
3001664
88556
91753627
92042758
1548912
10317980
70697714
5281867
94715
9998730
100949515
12303066
9930064
668079
445929
676392
100242
101282726
101316930
44566979
65373
9651
11552274
101282733
91466
10151
165549
10091424
5408233
5281408
821366
3037048
5321005
6427515
6429030
6427513
72503
5318568
72607
101588714
5316306
5317592
227829
44575802
15558573
12303065
10263440
67228
5319430
5486549
189061
289151
5321435
185481
161345
13966122
5320945
44558995
23243694
188977
5320438
5320530
5491637
5320621
5320772
5320635
5319198
5320693
5320788
5320582
5318825
5319013
5320347
5318880
5318834
5320787
5319422
5320399
5320755
5320607
5280691
5280699
5320462
5319901
10655819
5283363
5318998
5318827
18916325
5320424
5318869
5319891
5319890
5280802
5319094
5319221
5280862
5280619
5280951
5280863
5280559
5280544
5319322
5280569
5319000
90476980
5320052
5320053
6911854
5320351
5320083
5320089
5320318
5320137
5320218
5359163
5352539
5283361
5320157
5283347
5320315
5319962
5319406
5352626
5321825
5320249
5321824
5320287
5352451
5320199
5280666
5357283
5352699
5353911
5320181
5355856
5355258
5353656
5353609
5354238
5320203
5319486
5319493
5320206
5321317
5321865
5321318
5321487
5321494
5321790
5280682
5280678
5319500
5319573
5321816
5319467
5319801
5319565
5319759
53265
5319882
53465569
53438729
53320351
5351247
5352005
5320946
NA
5320994
53439651
5319664
5319771
5319830
53467538
53465568
5319509
5320954
53356216
9548618
5319887
5319889
5319744
5319888
5321800
534607
5359405
5326310
5281776
5276618
5273755
521710
521947
53316971
522224
526762
522514
5274587
522459
5280371
527143
521238
527428
5281706
527191
5281775
521302
521240
5273568
523035
5281218
5281204
523230
5275520
5144
5273569
527192
5272653
50990244
5281191
5281811
5281717
5281704
522841
51041990
527167
5281708
5271551
5281744
5281720
5281727
5281719
5154
5281707
5281809
5281806
522263
5281805
524200
5281814
523498
5281813
5281812
5281804
5281779
50992828
5280442
5281783
5281295
5281789
5281803
5281794
5281792
5281296
5280406
5280372
5280379
5280953
5281255
5281112
522834
5280385
50936832
5281781
5281801
5280536
5281119
51666248
5280343
5209
5280417
5280520
5280960
5280961
5280462
520130
520098
5281147
5245667
5281129
520108
51551
5057077
5281176
5280445
5088389
5281150
5054
5257090
520440
5182088
519872
504068
44257227
520384
5281156
519743
5281148
5281220
5280448
5281159
5251220
519415
504069
5324797
517859
519721
5324349
518838
50591
5280443
44257130
5202
519382
44257206
5325915
44257412
44257178
44257332
44257359
44257380
44257381
44257313
44257585
5281222
44257475
44257414
44257402
443143
44257520
44257491
44257507
18635
44257608
44257389
44258406
18646
44257404
44257564
44257428
44257530
442583
503731
44257509
44257427
5317256
503737
14135335
44258537
44258653
44257584
44258658
44257658
5281294
44258152
44257318
44258315
442770
442643
44257604
44260092
442634
442632
44258662
44260099
44260097
44258710
442647
442646
442670
44258663
442697
442723
442649
441881
442846
5317271
442826
44259639
442824
442625
442702
442629
442858
442741
442662
442759
442767
442761
442765
442731
442911
442885
442870
442768
44258704
442894
442771
442850
442756
442882
442934
442877
44257284
443040
442851
442936
443054
4430533
442739
442788
442884
5317284
442933
5317297
5281292
442887
528753
5317291
442820
442919
5312792
5288826
5315947
5315892
443019
52918137
5316097
5315948
5315964
5284648
5312760
5324289
52931465
52918154
442999
5318737
529383
5321974
5283468
5316132
5315773
5316039
5315739
5322065
5322042
5312758
5315819
5318015
5321948
5321980
5321950
5315472
5315828
5284371
5316212
5315607
5316283
5321977
5315125
5315126
5315263
5315406
5315876
530816
5316874
5316764
5316860
5316653
5316300
5322078
5315502
530428
5316096
5315249
5317013
5315503
5317652
5316900
5316611
5316463
5317764
5317325
5317480
5315457
5318543
5318517
5317426
5317378
5317414
5317756
5318506
5317485
5318547
5317593
5321949
5316043
5317587
5317238
5317203
5317202
5317483
5317559
5316354
5316291
5318050
5318673
5318565
529893
5318355
52952216
529426
5318245
529892
5318318
5315469
5318619
5318432
5318585
5318003
5318274
5318284
5318562
5318484
5318587
5317777
5318556
5317590
5318228
5318650
5318608
5316511
5317836
5318635
5316316
5316094
186690
2346
23274467
167983
16800
168115
168199
168759
16913
168846
168136
5281762
169196
167736
16871
168836
16846
21672553
167718
16724794
167309
21668201
21672691
167687
21676230
16732
169017
16729380
17203
1752
174880
176096
174867
1669
17536
175941
17198
169567
173069
16729375
21672104
169554
16754
16733738
16729379
167495
16760073
21679023
172847
167519
21627987
21629801
167555
21627888
169494
23266158
216283
16741
21627963
21670079
21636022
23266146
167493
17262
172675
21636024
23266155
21632833
17525
21632759
21679034
23266167
23135
23050675
23232
23243692
231502
23205
23242592
23266570
23252258
23259413
23265676
21636239
23266147
21680430
21679191
217213
23243691
21679042
21723446
21596358
21723240
21680077
169683
23264915
21679154
21680050
21595545
21722946
21636178
21721168
23266161
192761
21679027
21723445
21606634
21596309
169728
21625
169727
21627672
192463
18554
18397
185556
184116
18398273
184476
164611
18597
184477
185942
184310
187790
185623
185904
18591
164245
164613
186702
185670
164592
176496
189727
184579
185699
184937
164544
185580
188300
185740
18702
188454
164146
188458
19212
188452
189404
18509381
185124
191752
191290
185186
185367
191120
16237
189690
5352032
191545
188323
5281651
189403
189811
19009
19089
190914
188297
189704
164710
18827
164642
16667682
164663
162209
161850
163796
164648
17129
161899
162644
16682
169738
184678
169737
166734
162464
19093029
161937
162807
171055
161413
17000
166872
161699
162113
170569
161520
23594959
162739
171488
188316
165551
16591
16573
17121
162627
165288
17616
161570
162936
16592
163001
162952
163263
16315
162933
165208
161665
161748
161861
164980
164791
162868
164950
161779
164879
16184
165274
235321
162305
5281618
5281611
5281623
5282938
5281616
164689
164982
165103
161749
5281628
5281612
5282940
2355
5281642
5281617
5281614
5281641
5281644
165340
161815
5281646
5281648
5281658
5281633
5281660
5281653
5281661
5281670
5281666
5281652
5281665
20839480
5281656
5281631
21160126
5281629
5281692
5281699
20653
5281674
21201348
21240
21251947
20525
21187406
20489
211181
21125501
20551703
20453786
21119823
5281608
20485
204
5281677
21125374
20345
205042
21126551
207235
206037
20746
21148461
42607548
441071
5321003
5281607
20843337
20841762
20560368
20928
21123652
5283356
5281420
5282923
5281703
5281691
5281770
5281842
5281849
5281737
5283325
5281855
21159448
5281817
21159049
5283324
5282593
5282154
5281395
171548
5281894
5281818
5281832
5282146
5282729
5281406
5282724
5281404
5283321
5282108
5282947
528332
5282361
5282443
21226150
5281428
5281343
5281423
5281372
5281348
5281371
5282074
5281426
5281376
5281541
5281603
5281535
5281485
5281702
5281700
5281496
5281954
5281441
5281548
5281547
5281626
5281417
5281555
5281605
5281511
5281461
5281953
5281407
5281558
5281540
5281701
19800
199
19945
21594779
19967814
197835
21594964
222786
2230
5281564
5281570
5281678
1715306
5281353
20056242
20056510
200480
2015
197836
22201
23345
234105
20056086
2353
197018
23305200
22210
21932507
234441
197173
22212439
20087
20054872
20054874
2331
20083
23415
20055932
228583
22644299
2266
226486
22215468
22214027
21574226
21768210
21729342
227
21817819
21902456
2179
5748611
225735
2214
21576177
220401
21580215
21587051
21593573
202357
21592420
21592256
21580213
21972762
21298950
21592279
22013
21586648
225484
197810
203
20055979
21594251
21768173
195296
2153
196978
193679
194004
194148
21439
197011
197017
194365
20054922
20055020
20055042
20055812
20055834
196980
235414
196796
20054897
196216
196797
21546209
19602
194464
196509
581676
19310
192984
5748551
193042
19309
12988
585100
5781
585939
577062
58219327
5839585
69866203
56927714
19695
578221
56972723
56941573
193299
5853952
194774
57509410
550690
555644
55255958
5570
5748556
558375
556963
56842220
5470819
5748586
5495926
5484389
560126
5497122
5705112
5481234
54712716
5585
5379179
57273
5481968
5487064
54709865
5481970
54708253
5379164
5481840
5723
54714264
5487011
569164
5473310
5379096
5495927
5748566
5746354
5487298
5708351
5491816
5481961
547350
5481964
574674
22383
5492944
57403080
5379619
5377945
5481962
5378945
223377
5377796
5379262
5380224
5364631
5378285
5385014
5380876
5379081
566734
5364941
5380976
536366
5384468
22382
5378284
5486608
5485207
5364942
57357311
5364752
5382842
5379265
5365055
5378966
536571
5370536
5365069
536454
5372162
565059
5377381
5371084
565648
5374527
5374076
76326826
56776263
568152
5363377
5372367
564550
560398
56597779
5375252
5492675
5372945
5362851
7424
560157
22386
5470187
564412
5363398
537536
5372257
77981
5646
76330776
5375166
76326825
5494826
53755061
76360
7657
5610
5363229
5363374
547
5375215
564934
76639
5365813
76330544
7654
54704420
774
7778
74708
7667
7755
7504
7508
7765
75142
5377509
76922
119465
6450269
76966805
7725
77237
77449
76965835
7720
7673
7738
72537
7670
77224
7284
7762
7266
72620
72710660
72486
76685109
72861
77514
72740
7267
72703
72710725
72391
72502
7247
76744
77379
780
72506
72724
7420
72909
73207
72734
72945082
73219
7651
72889
73268
72948694
73067510
73154
7501
73118
73202
73174
72965
77158
5491555
5491522
5491556
5491648
5491742
72964
6441293
5487591
5487766
5487785
586373
5490139
5476765
5490819
5487855
5477684
548952
5489485
5479542
5480299
5487772
547724
76295
72616
5487671
5491517
7431
5489605
7521
76308534
752
74300
7519
76168
7428
5488618
7465
53791253
7463
7469
7476
76312409
759294
7479
76027
74477
7595
7456
7591
548927
5489401
5488919
5488801
7559
757
6439716
75250012
6439586
5488650
6439947
5488575
75231
6440456
5365910
75582266
6440407
7551
5489114
6440397
75263
6450879
88268
6439215
6439895
6439493
75552
6440942
6440861
6441085
6441273
753
6441280
6440616
6441391
6440940
6088
643915
6438825
6444291
125468
6443006
6442991
6421106
6438696
6442711
6442964
6443428
6440521
6442675
6442707
6427071
6438693
6444309
6450179
6442966
6443339
642486
6438779
6427090
6445538
6424189
6442202
6438590
6426817
5922
6448268
6442185
6450230
6427110
6450513
587245
586927
6054
588916
5910
6442389
590475
592986
591897
591524
59444383
59444387
595133
5945155
606033
596894
59728533
596375
60194680
6425567
597204
600269
609840
611428
61041
6101979
609798
7459
597266
637796
61293
6089
6021
601058
60985
61130
61030
6209
5969616
61098
61361
617627
607309
5983
608115
61653
6070
5971
61346
610735
61781
6167
637858
61641
5994
612
617879
6199
6184
6185
61926
61235
61275
617472
641785
54670067
5464461
54676038
542099
5459910
5460219
54078268
5468749
6427219
54682467
543323
5458600
54677407
5459896
539544
54680478
54116259
54675866
54685921
54684275
5429
6043
54025699
20054949
54687243
5459844
6042
5418
5366074
5366075
5366203
5366552
5367146
5367785
5386445
5462306
5366636
5367530
5368821
5368785
5370105
5369483
5370101
5368086
5367769
5462982
5370124
5464156
5460436
5464170
5462446
6427543
5462443
6428360
5460350
5462451
5462427
5462508
5460657
54607915
5461055
5462438
641376
641296
5469524
641301
5462421
54698096
641375
5462445
641294
6436620
641256
6436240
6428366
5459241
6436348
6436266
64048
6436877
6436246
6405
641747
6436184
6428322
6427888
6428352
6428353
6428341
6428345
6437
641378
638667
638088
638278
5393164
5458879
6386
6430888
586387
637986
6432240
5459196
5458800
5459184
643181
6437266
6433206
638215
638014
643785
5459060
5458880
5459036
5458914
6431477
5459074
6450832
58636974
638309
5458878
72815
6428364
638021
6436075
6438142
643460
6429112
6430826
643733
6428774
6430744
6438138
6428370
6435569
72627
6437044
6428399
6429099
6431006
6973
620900
6429037
6434541
7172
69816
6990
6989
69867
6997
69879809
71587143
6916005
69144
7165
69894
6433417
69751
69560
69502
69509
71587384
69757384
6917586
71137
69505
71676379
71587385
71587386
69378
71595339
71587142
6917970
71034
69600
69257
69016
71587721
69421
70681229
7170
70698172
70968
70813
71006
7060
71573444
70775
70761
7009567
700611
70164
70697767
700861
6937
69188
6919
69199
69216
6998
70696494
7003568
71436691
71587098
72344
71439313
71438425
70684367
71401376
6920
71439359
68915
70691524
6918763
65126
71439314
70684083
71407359
71439784
72201063
65188
6537302
7144
71440416
70695727
6536796
6561
71373632
6537099
71439066
71430886
71522011
65411
6537490
65377
6543478
65413
65571
6544
71363145
7118
7193
71203
689075
71751660
72303
7121
65289
71307457
72310
71355867
72304
439666
71349359
54691412
71339665
71332292
71768191
71453399
7224
72300
7147
7127
72322
7150
71204
7136
102303030
70627
71355915
7018
10382239
5390854
441617
14217344
7148
6419993
122173247
101599976
101618812
101967013
101618813
162412
72281
390665
5281732
101733495
40510009
101211606
101642676
122851
101532796
3034765
6325446
101040422
10867438
131954646
12310886
44602428
11481130
71550939
92782
249494
31415
5281527
102428619
101967077
NA
257273
99199
13895601
12311316
11382599
6915739
101599977
44546134
11969908
70194280
71436830
101596929
101650343
7092583
442332
5748528
70264
12312780
7046
102117144
121231123
7020
7043
102316377
7047
10477792
70483
190749
70547
7251185
14166403
70315
65098
5362720
7020615
157277
7055
NA
5462437
145745
101306757
101193936
73230
6440904
11312435
528369
442931
442867
5320815
22210606
6450191
14466529
82184
1738124
101966999
198727
11580753
NA
102239975
46849086
442813
11121714
44143718
12309624
24978614
101855843
126312
86014459
66548
86
86128542
6590
8601
86005045
86242003
8617
86025299
86072622
86289490
86294837
86374
85976174
86289489
79044
85982833
85977017
86895
87370
87014
8723
873
880
8742
7938
8655
79038
72388
8815
8174
785
78385416
79387
85867758
8794
7929
7848
7896
81722
81724
79035
8635
785868
8768
78429
864
9794494
7948
78358538
8021
8175
7963
8748
78736
79023
7858
78385190
8009
78385284
78213
798
80131
7976
86786
790
7895
79730
8003
80103
78160
735755
80018
8183
7817
73558
867
73356469
73353608
73401
7361
78358487
73489
439768
78350
73549
84800
73820466
73950880
73635
73307
7409
736186
73989751
73755142
73828281
73419
73393
73484
7406
7410
7362
73820465
7363
7342
73657189
83101
74112
82755
8363
73850
735846
8357
74038
8405
8582
838375
8314
79828
78151
8419
8441
8438
8433
85864149
8434
84398
85847512
78089
8369
8658
85821358
801
8294
8180
847
8500
8564
846
6660
8454
68437
8186
84825
85280874
8468
68296
6479915
8193
6474893
667639
8167
6482974
854019
6890
6476086
650
8530
85798858
64981
6476139
68346
8546
85361059
64802
68490
667778
68381
68841
6847
6857762
68230
68229
6885
68231
68232
68261
68255
68289
65036
68486
68316
68313
65717
65085
65719
6584
82452
6589
65747
68352
65090
6451323
65040
6570
6473766
6581
6451337
6451579
66282
6613
68827
66356
688492
8257
660
6451194
6452133
6826
6452022
6651
8103
6862
5320769
6508
66302
6451349
78411088
6861
8209
8134
72323
821347
6451060
8082
6780
6773
8130
72376
68081
6782
68071
68079
8094
68085
8093
8067
8141
8205
821351
68077
8027
68103163
8050
82143
8194
80309
6857537
8063
821468
803
80208
6736
8038
68094
8139
80521
6854
821434
68221
80790
821448
8164
6858
6716
68213
68111
68123
68108
6710676
68570
8125
6758
8126
6748
6755
6683
681
6688
66842489
66948
6710641
91749517
8914
637760
91751312
91734838
91750128
66841
91749975
636537
91748745
89048
67030
6763
91748537
89488
91724200
91748908
90477849
91747207
91730038
90658190
91750142
90477594
9921021
6760
906426
9965663
90479391
91748873
91195
89047
8908
8900
91471
91746561
8955
89594
99641
89437
68148
91746618
91747203
9965615
9848024
98608
9862
99473
89295500
91572
99531
91588
93320
9931715
9926336
9928360
99693
97560
91714783
9942192
91617759
92468113
9154
937
94164
94143
88708
94334
94349
9415
94253
99300
91820491
94378
95200
94577
938
9926820
93081
8892
91753445
91808874
92470596
91820092
936
91819764
91820194
93484
91516665
91895298
9001
91885231
91884924
9261
92468470
90471461
90473155
90470500
90470395
91884914
9267
90475437
9025
92751
92765
8858
93135
92534
92775
90474882
90472430
8857
90472917
9799386
90474067
88563
92735
92891
9017
92836
94255
9016
91752234
90075
91753270
95152
92871
92987
971
97487
9841162
91753567
97176
97151
97315
9727
9815570
97332
97622
9819306
97679
9838995
97141
9840805
97546569
97597
98050571
97883
97548368
9798203
97045
9826915
97448
9816931
13893667
978
13893665
5318999
9796792
11064033
9883304
9815531
101712482
170551
9802865
6453944
9817839
10408679
10090416
97583
3885
10910653
14562696
10021410
155514
270058
14630594
14706138
88881
5281257
9884814
90470827
101418270
99899
9991606
5458904
998
354589
101821176
9982084
6443022
9548708
9974595
9882882
9888014
9970764
6734
99893
14506785
96942
98914
9991699
9991705
9996586
96944
969516
96118
9548719
95289
95447
96943
5321018
9548702
9549169
9998735
96932
9548704
91895448
42607633
10059187
9845243
9845244
957
9997745
96011116
96918
9989779
442164
46883390
46700759
71327489
562246
12306126
10586364
5462433
96710
44259868
150833
44258253
442255
9976812
163040
14448070
5360043
95779
21772330
101921626
5317436
999
42738
21575185
443467
356657
5321820
10633476
290489
56842615
7430404
584904
12300156
10364815
102331736
131676079
5321811
5315483
96191
76961652
164952
10379136
45273558
6430728
5481228
44257365
14162526
57459455
5281361
5490034
61007
125776
103808
6569
62695
494089
8064
66193
13842400
22764431
7983
261
5280695
42607934
5352042
86277928
91637138
21586630
478835
23335
15599928
44575218
11954907
42607961
12067196
442472
80792
44259049
10449654
44575219
441591
6708635
519545
5489501
188308
31231
100072
421259
443720
442515
131676069
333361
44259771
44258715
130756
15586718
54695756
161243
100947538
6441902
6481825
10868238
10471056
11823670
102316663
160254
179485
133322
3950722
8418
398788
439499
6568
364109
101313319
5497
121572
3083803
5315859
158633
54681543
5273472
101286287
101316716
94149
160710
101603220
22294346
92122
15599878
9210
5316214
92207
361512
92249
2129
10538257
92129
92180
92109
92265
71437252
92275
10315987
136909
92108
9231
155104
92119
92143153
21368
160474
91711829
14542772
3086629
5323563
14185735
92123
25203443
101699604
353378
9883305
79022
6426880
14077805
6857502
826073
5491526
20871246
15160712
44257325
3026
12309400
5316534
92231
10879261
625031
25181529
101986490
189685
11876135
14539318
1715307
101630649
178931
101189431
5281158
20399
6432513
21679830
5316525
14704457
343060
363209
87558245
52947374
10879298
288122
9845240
3213
14412273
371260
101922024
519709
169779
5458920
34174831
232703
11200524
14889248
580313
76326813
21591149
129973
62572
177744
14704592
176929
101667576
14704593
9085
119039
102239770
91747166
5490912
633072
24838
15193511
101608997
11728770
243670
14704591
10385496
12906687
102090463
11148528
147297
185895
14109783
13918869
156511
10922464
101297582
68960
1781947
131752661
30357
854026
16928
68057
10870
127491
354049
86134572
14704590
14757909
7351
101306734
91884956
10365414
68082
14313739
102387713
90479014
5318691
14630590
101289751
155897
101228910
120743
101634633
121596197
100916216
101409158
44593672
320374
12310495
101281343
3428129
101277377
44257351
183523
7800
151011
14589063
7799
629440
101036655
10291003
10442928
44257283
15559160
15689642
101289752
7590
10381321
14583170
5281634
101712280
442535
5482101
442532
5460209
12893624
11788
251002
5280481
5317632
5320336
442240
101526914
5317634
11822566
101831566
119908
5382553
14583168
101625116
8237
14563778
56678199
442473
442397
44423088
15736266
356759
44260021
100572
101593067
63123
91748342
627638
627343
11110066
621572
62258
627136
622180
62351
62374
11034782
62348
6276
62378
5487248
625070
62385
6251270
621732
6255462
624971
8835
62838
6283743
630739
627712
633060
631171
626005
627910
6325786
633491
630669
632772
632835
636544
6293081
62835
8817
6293
528367
6325047
63112
6325578
629964
62900
636458
62453
6213
632255
637313
636750
637564
636584
636818
636954
636934
636760
62465
637078
44423080
636970
11043090
5480208
101688205
5317762
7989
11041703
102086274
21603602
1551643
3083597
5317808
10832599
62434
14190790
61370
36502
42608026
15081175
42608055
442036
135402012
165368
6439588
11438319
101630513
14380428
42607841
14861189
21057
12310433
5459798
11043217
182249
21770748
14861188
14805775
11088179
26212854
101417476
101316466
101607122
101613414
115300
442481
10999153
15071457
5319913
71438979
11357032
161953
101599480
101677436
14890459
129804979
22295076
127683
3083701
10403730
14193914
29632
101289790
11064768
25659
15956
6532
11977126
102090415
15690480
5275508
11336941
5319964
10016425
4587968
441561
10403843
88068
102060704
7826
7909
10016749
6728947
12304766
44260098
90474712
443028
56955843
145779
5376837
344133
526973
5462398
10466307
442371
14193978
101589339
101324818
5807986
14193979
24094131
99298
15376404
79036
11128652
131751483
101324816
101609099
161954
44259626
3083609
12304682
44133604
71438018
49767686
11127402
9996463
5281797
56673383
21679828
10443215
185716
44257334
14539328
442740
177893
14563780
44257392
5316871
513197
5481227
10237282
442913
617473
625383
442808
511359
13889713
45359775
179443
90472431
102005844
267247
10983
96539
101618767
14193972
3084507
5385091
196528
343081
21604823
100980535
12170
3037650
177731
46186838
161692
90475307
5317654
3084508
5495928
442250
343079
44159808
20725
5319329
131752399
187808
11781835
11724762
442907
13996081
63121
18992
14286072
71440520
10992231
6483032
14286064
42607516
42607712
78435
14521665
11740722
42607518
167673
42607997
471719
131752511
42607928
3037646
138644
42607905
8918
177148
102067227
15145690
168363
102353416
42607515
132599877
101632302
10247749
122194515
101324827
5486616
131753105
53266
440929
131753104
615515
4097385
14237660
184931
94304
6440400
90477921
91617603
633024
14020067
189144
21742
5489487
22217550
76658
3084328
94303
10088810
14544217
15839352
11121421
14440537
5280607
59305567
54676854
46901319
131752584
102510965
5378518
71103175
23258999
96709
65631
5311264
6429690
102060705
5319726
321346
14825644
31234
129899
131752375
527
9796015
182092
5378823
596033
5409279
131752128
388787
160511
73331190
25915
5317700
61592
14057248
100197
21599256
91895306
821388
151010
59303721
5280373
11748698
14034821
5281987
13889022
14263
5281654
443454
5281946
NA
443723
6429101
107
122805
78016
12314885
101967159
482788
10397377
14160532
6694
99652
202193
334099
125585
7707
101297602
442963
5319492
14241091
23149
13896029
44257588
79089
14194118
44257587
10042942
13833781
21717951
101324850
12305721
5488683
73360
11044132
7770
101297637
42607554
184086
147621
177139
15458308
4947
101652303
340131
92990
6436183
102582076
101286249
9211
184085
134977
14137163
12314764
101277345
70698372
520381
NA
25073757
NA
NA
131752522
NA
NA
NA
9798626
3083888
NA
NA
44257586
NA
NA
528365
10491888
129864076
101603330
44259052
23752
88168807
NA
168978
61177
NA
NA
132602823
NA
13922639
5315835
138365
7704
7669
NA
5317837
91749683
NA
129825756
15764817
NA
134553
101831549
101715613
161268
11002035
15582599
101293641
91753433
101297673
73337
160246
12308892
73657079
10212
133562504
403815
181994
128861
NA
524254
131751339
5317844
94275
68247
57357909
133564711
14487943
158706
NA
10932923
NA
NA
12777
11158
180531
NA
102090488
NA
101326885
6442563
NA
NA
31272
66654
NA
NA
5280781
NA
8785
5320553
182116
68477
NA
NA
NA
NA
5320555
20055005
5324104
14018348
161891
443008
NA
NA
520148
995
19132
442387
3086657
5320554
8616
15190
15341457
6440436
441968
5320551
15601426
101235519
182115
14378578
21631012
5324360
14018346
5280378
10980538
15730631
10932811
46173861
13965473
188320
6438704
71437678
11817856
54714262
5315116
6438794
12444819
6426879
16222514
13946337
185611
100917396
101833782
127022
373658
182121
101831586
182145
14287067
101831550
101833781
71598119
5320557
24978616
21006
100854335
5282742
13190
14483496
23671477
24211
10358251
12444919
5320558
14483495
5322188
125232
5315115
11042476
10469868
125207
14862613
101630645
182244
520725
14630598
373661
373660
373659
101528293
14283882
12444745
44257595
101131178
618938
14283157
5282222
639665
6429078
12444955
5281698
101630512
12445012
101630646
9975956
90475612
127871
3016614
192694
12217
8187
5634
5319451
629965
5281850
24198103
11972453
8185
72584
5321205
13891891
160142
5481948
44257524
12315479
176456
3473650
442350
156092
73353444
12315102
12772888
184517
85152699
5398649
7330527
101654191
15668
5463722
6428926
21633001
44260113
44260106
6452048
101641686
26112861
441805
101617523
5388708
12772889
91884832
3082647
5983661
101320288
6438710
128150
9977173
430174
14634684
101683083
68635
5314231
6064803
44257391
179543
5314863
21122661
12041831
442958
443016
44221865
101286215
13940732
185550
5487241
69851
10034839
10041041
101591279
10466745
4687
15060933
53440552
130664
527256
10547386
101277
177596
101641113
24943418
102067840
10090306
6481824
5281393
10400831
5385399
14070748
12314056
10038670
5925916
10647991
12314311
487559
12312578
12311234
129650345
12313756
12314177
12313347
12308618
12313485
12313549
12313355
15160711
12313901
12313214
12308610
12313583
12313849
124062
12314211
91699469
124069
12575
5146
12545759
12314123
67284
12306853
12587
126
12548
12558
125639
1256
12306778
12311129
12308767
101630423
1268142
12581
12308848
12311091
124039
124052
124063
123775
12371414
12648080
12582097
101324914
12634404
12309998
126537
12314353
12309204
12309364
125383
12486890
12310340
12444870
12311086
12309904
123908
12443309
12444943
12310372
12314351
12442918
12444504
12443127
12443122
125
124050
12444713
12456
12445018
12444971
124740
12314974
124702
12444597
179575
181868
189706
193148
195226
188481
321347
485187
361515
12314791
12314913
12314812
126890
127870
12850245
132514
1275589
12813
128292
128001
1274465
132553895
128412
124389565
12769
124075
12441
127260
12741
12742405
12778491
12514
124219
129670
12418165
12507
129125
129648
12530
11564800
12943120
128834
129429
12892948
12880072
124211
101967098
13007
12866383
13403
129556
131751064
131751152
12978153
13006421
129847853
13471717
131751106
134632
12928004
129829533
131750994
129847688
129165
129704166
130309
12315487
13058
134369
12306712
13117012
131750977
131750182
129847932
123173
131704
12377
13259263
12896796
131752910
129317384
13250
132594
13213649
134279
13014144
12367
131751640
1286
12367055
13597
131751653
136569
12366272
131751654
132491405
12334306
12348
131753132
131751507
131752909
13181
131752226
132415
131934
132821921
12355
13187
1235191
131751857
133381
13343540
134978
134875
133556403
13367
13338925
13386213
134974
13629
13388
13625
135906
13615622
13370052
12315393
13422573
136355
135029
14167644
131752561
131752476
13502875
13650
135032
442014
13576
13579079
522296
135442
101625624
133323
13588
13917187
13534
6427070
101696499
12454901
133337
13606036
10867444
10798255
10888100
94579
107515
8207
131752692
66093
11804919
530426
523825
519843
91747319
6431131
42608172
5362814
6430765
6427485
90785
44567200
93073
12313923
6427476
12558032
11030188
11020893
11022479
25203064
6450812
285097
92784
10955018
14109432
61124
91226
101680
14038847
6430725
12233170
13246
69228630
102553
60999
6386037
8129
8159
185199
6442392
529621
17739
6427494
6431225
8834
93046
11964091
51351708
90473619
518472
9895
91750907
91704770
160673
524198
101638579
7222
177040
5320698
91849
10363
80420
7650
101702520
5352837
8375
14638401
181354
7678
8640
164533
454740
5488901
617263
21604116
21679153
12314763
133561840
7302
101600461
15450568
7962
30247
8512
7296
6429141
7643
12756
91746699
61040
11735993
91694932
500
5320377
102505325
6431303
519960
6429136
8442
130796
642376
91747202
556998
78484
11160
14105916
578566
255195
141975
91753598
61290
931
5320651
6451732
8797
13357
32735
11830275
8184
9015
521851
519323
85790712
519966
122876
61262
14083575
6538431
61455
95376
8499
157016
128297
31358
32209
102443
7734
157773
11528492
53249447
70759
12980879
13499471
10998446
5318539
131751852
23235
6443047
129668
5316203
100174
12742404
129711950
122130015
53249445
102176995
10047971
13944244
101937720
22214415
71434853
101324800
162384
158739
91753435
509269
589870
10166
11651448
1292
7967
15118823
6941
129668758
589081
11567
3085213
366
240
529918
136330
13006
5319715
5192
8078
623044
176438
1885
44583898
12810
54299705
8077
156034
187947
75084
10882
91747872
6441377
7966
6086514
7500
6428416
15241195
637523
91749226
7945
85712
519786
5281163
5362876
12314661
5365992
44258359
99038
73809332
9223
5362830
16617
14585498
7772
5353015
10089586
86012754
122130085
5318557
7298
44259873
91746617
10702081
6428985
21672218
10131826
6427516
158859
44258535
8182
6428792
11105552
5487308
5376026
11574015
11289099
6429177
13468236
5319474
44258415
5316227
129670276
5479541
23902332
20978310
10422228
21572757
98971
57396358
6452183
86577299
100980004
5281131
85087683
351795
9977936
5379563
91747434
5315202
NA
135
5316460
264
3083764
20745
6918391
6428855
2758
14262777
441593
13118284
12310665
2345
25092366
131674266
222285
21123040
5460029
12304687
54445
159814
NA
164762
11875005
12305025
71437670
NA
6432285
101193827
5312756
101277391
6075631
3002914
131751404
101193826
169019
5316800
15161648
13783711
5281471
449293
NA
5317352
119077185
10399140
643004
5280567
73581
184806
101733710
101630424
354654
634039
442353
100921101
518975
6324867
1201531
10044542
101982319
332529
101701639
14187086
183102
6433270
189240
131852604
849
199655
92854548
73467
442311
10465540
14546897
689051
101631696
42433548
5282782
14134976
15241251
5316739
97960151
9802006
75124192
10102
90473423
5320326
21550278
73604
101306836
10933621
10678630
15560118
188288
11644551
11126361
2723626
101982263
119079925
114708
11482216
NA
101967079
442070
10888063
11042864
5355152
57380108
101046540
101316776
5352438
442736
78358510
5362833
6432702
185347
12106224
52951894
166761
10796790
5281663
5461156
5355853
11131324
1268143
10575379
637541
5281232
3037884
189455
13888973
5458952
280564
6325720
5386591
5363387
15596187
101594607
5318609
13369486
52951892
54729371
3039336
72131
44566818
455254
52931439
5363381
102117121
102117168
455255
332915
13888974
5481055
12304067
9174718
12311223
6428308
442010
14219437
102115588
440936
9881148
5412913
NA
181681
442429
13844278
179410
102093834
25244544
440595
12310550
21607604
12310492
100930481
137706318
101324872
121232947
12108700
12444908
101647998
71307576
101281359
10066724
100930478
15628144
NA
259727
442935
12315192
53322523
102437309
73867336
160485
3032566
102004628
102090424
10317384
100981290
71718234
22295782
NA
6875257
101316764
101670618
15161842
71717359
3083985
127047502
73255
56776181
102093833
14466151
168114
12137734
21573755
101286292
21723763
NA
92989
3050539
442435
12305611
6444325
101619926
441727
11106439
14134312
10988717
124049
260535
133534
101280235
261184
439246
120706
12314414
92288133
10421034
11815433
322636
5350
6432173
11608497
71314936
5281636
NA
11506817
185756
442538
11770473
160481
5318566
22179
15560278
102285347
101601415
10026486
101306903
85788
10657
12358997
600670
10499
3001662
572766
101286196
92114
551434
5282073
11830551
161464
15228663
13895607
NA
5320486
NA
15095
150893
13917412
NA
441491
NA
442149
NA
20371837
10899521
NA
NA
NA
NA
NA
NA
NA
NA
NA
NA
NA
NA
NA
NA
NA
5281268
NA
NA
14466835
5319518
13592842
167812
NA
NA
NA
12302399
NA
442104
NA
21769417
NA
360253
NA
101683332
NA
NA
NA
NA
NA
5281610
NA
NA
NA
NA
NA
NA
NA
NA
NA
NA
NA
NA
5316832
NA
NA
NA
NA
NA
NA
NA
NA
NA
NA
NA
NA
91741938
NA
NA
NA
NA
91496
6452061
5352700
NA
5321934
NA
5321935
NA
NA
156030
14163580
76312390
442402
NA
21123660
NA
NA
NA
NA
21627986
114917
131752036
25612
151152
164676
NA
458010
5281836
57525180
72259
13965876
117419
384876
13992470
44257532
101638269
73588
177583
10046907
442553
101449918
3919910
174868
101277354
363262
68252
66074
101104094
15345466
167534
101670584
44257476
10069677
3083608
228738
12866770
21580214
86733022
120773
6426912
5321960
20842
11953828
44583802
5318875
155054
442827
10889681
182678
185872
91503
101046542
12235230
52499
50900051
643731
84497
5352494
10775429
10405046
445184
13783720
6432475
192798
906525
5351619
101160220
101672378
201459
6713966
156777
6657
196982
5280906
259577
830726
76330309
441449
5315902
1140
11305849
5321970
61016
176983
11574
618370
101407799
11261
6562
31285
13519
69420
7041
11262
11508
11335
13381
91710264
NA
54031279
76573
12299984
21596345
14605548
6943
11390791
9007
21585545
20055538
5319022
62341
6441061
520592
14507160
7601
7711
7655
8792
5369459
7194
22278
75189
69389
91747903
15627984
12059
11716
20960
22556
523733
537779
5273621
637922
6429153
78236
17090
101281096
521185
44566708
13893399
527113
22202
100949538
39801
68473438
15628117
5352540
5352845
16296
5364519
45096307
44249449
14106048
10369
129864112
5283368
61138
10358881
15973057
5355854
74819460
6429320
91753509
9582190
5365890
11052747
578929
14632996
5281534
12442910
44445367
101680810
122510
162899
101833771
10857022
441663
12444404
3083788
3086069
115269
93019
5281501
12315527
114507
13715181
44258657
13917413
42608131
101967036
10018282
6450226
442822
14583241
101020761
522417
101664499
101916322
14704594
44257494
14520931
14217625
11256548
101967037
443022
177761
5321539
135829
24721470
102239798
6442315
10859838
442983
44257545
155860
189066
6432460
84880
279070
5459308
NA
94504
12444451
445724
6427117
423377
12311228
442514
12310556
193686
101306781
15698703
67178146
14259006
181804
5357002
524251
NA
36689482
53466984
21123938
87436
5316302
12311156
5367531
45356238
166983
101297587
442009
191055
21155970
11616742
6452921
90478759
21723242
53297436
14605137
46886723
185516
5281435
25750964
53320574
193383
443682
11724883
12235228
101587171
9974762
10408186
6436282
9873539
6433154
439800
13820510
6428555
NA
5320177
442066
644120
5352876
6428402
64960
91747487
NA
16211587
14163586
6430869
11402120
91751313
91746670
11035494
92323
5283339
66308
13817985
10798883
91749818
442510
124434
45109805
5352147
9910474
5352145
20837672
45109756
176489
91751315
91895309
24135
6431301
5363426
5352496
10953718
5319754
5312768
326186
6427504
12184338
26049
49863985
182388
73253
12050675
353825
124079391
5368743
85524814
13895575
699414
11230
8417
44566630
13889019
14890278
10253011
156875
101288401
358832
1252759
460
NA
101699
441473
124355873
181937
131751566
5365982
5320191
131801351
111337
115247
5281045
13820511
10198
6427091
5460676
10455028
NA
100781
5316254
101604994
10003218
5352331
6428289
90479136
15224182
5282708
23623651
442523
73285
442191
194174
NA
68424
101317817
5464078
3000322
11447401
97214
16590
68262
11231303
12308846
11545
16486
15411208
197001
5281601
115049
10559369
181514
20391236
21723241
821338
688857
5281416
101406182
158280
7478
7073234
6427789
8163
10037034
111037
632135
99190
338
12306049
28619
5352706
72301
5280681
2236
5280460
3220
91457
160817
5352702
185704
19
5281149
5281624
2775
6451618
8365
6466
3081930
325
1551480
644020
12306866
10926754
72624
12309744
5281168
802
101589676
21764437
928095
7530950
91723653
5281167
9573945
10659
10856614
12304196
443023
71182772
6429032
61060
6442572
12444363
5318516
12308615
11463
64961
442929
66065
442793
107936
119204
10878276
11106485
71332554
101656891
1549109
1549026
120734
1549041
10237
445070
12306048
10632629
7462
15560275
12306047
442012
5280896
5375200
1549025
1549108
853433
12302878
1549107
26305
11106484
10889018
120698
185838
334704
15560276
9294
101633794
14191394
441887
10049
5352557
5284503
5318042
6552009
5367706
10014272
10885340
3013895
12304409
11059920
5352601
7028
11184061
92762
441074
6452086
71359006
637520
31553
6428994
44147684
15569773
76964609
40429053
1548994
5324489
442068
5463721
57386731
182278
5480899
5321954
92776
11127403
10704181
443884
6857681
168985
5486180
121667
637563
165258
9885603
94160
638500
5317246
1549040
11726520
5363853
5281752
6442498
21117640
237619
1551479
10429112
736052
12313020
9859136
638011
101316886
12304288
6432404
101715
643779
441438
92313
5363388
133561836
1548883
441437
221071
445858
6428458
188289
442072
11604108
12309694
72360
453575
442628
26934
131854152
189605
5281381
10297
162265
3034034
441457
72435
131855022
92759
10448938
11892032
15559894
10607
15939859
105111
101216382
5352470
7014
1549055
22559443
6440659
5280537
72
442495
637511
92138
9855795
261491
10726905
5284656
12309749
262535
244898
91872501
12304612
442879
91456
442872
908416
21679022
249286
6552024
157478
44562999
6432005
179592
638255
442155
275196
10871927
6430754
689043
52931448
167683
156656
637463
52931446
10878761
11554175
13071598
21675005
5372954
441975
1268096
72340
443178
441005
72338
443161
637542
439533
86609
1549106
444539
120716
12308616
442484
636822
6452110
94221
7438
10185
643606
330573
92766
44512487
185749
442139
6428995
5281758
443167
637758
443177
8969
251562
22227
6429375
179461
442154
6428782
443639
5317062
11711021
3058605
11368078
5281532
12101
1549111
345501
12
34
370
568
180
119
751
557
760
1539
187
754
5541
2181
1032
16666
4630
6036
1175
1738
11869417
3023
2984
2743
6549
6495
5977
4938
1107
3516
6781
3712
5870
6351
4557
3776
6128
92221
6654
6560
93009
6947
989
6853
7128
2537
7054
7335
443160
7439
7352
7311
7237
107561
7505
7489
7583
7515
7710
7681
7742
7775
7758
7794
7947
8028
7991
8029
8083
8133
8158
8882
8698
10639
9238
9268
10042
11690
11163
8079
11517
10111
10813
9250
7795
10789
8679
11592
11363
12025
8091
9266
11208
9308
12293
9254
12072
10553
12248
11584
8842
12844
12565
12044
12597
13594
14069
14092
14090
13855
14697
8030
14896
15166
15109
179460
439711
1712087
15605
18302
17100
17106
6986
34458
16441
440917
15854
18698
29566
20595
21618
19707
28639
22646
35698
16821
33166
18522
20263
34781
22629
34180
27919
16255
16319
41442
37833
19499
18818
40923
519361
19844
51683
61126
61325
61743
61253
60961
62367
64696
62102
61942
62103
101607926
6713078
66868
68184
71606
68241
69131
72350
69512
73442
75729
73649
73160
75249
73571
77743
78457
77466
82674
84532
79740
73480
73918
79017
79043
78612
72732
77196
72311
85568
77845
10282
85734
85798
85978
86608
86753
88302
90927
89560
89436
91144
87310
88261
10899740
91453
91604
91522
91510
92139
92198
92166
92793
92770
93231
92732
97662
99535
100020
101204
6430796
6429076
101731
102684
101975
97492
108480
98570
104775
101115
101604
101549
108125
114909
107327
120641
120670
119838
7308311
121336
121677
114840
122841
122783
123617
126233
126324
126540
126023
126891
72819
129509
136745
131039
136936
130118
135017
140750
148619
147559
148657
150885
153910
440078
155094
156302
155153
154417
158101
156372
158983
157561
160544
160529
161819
160512
160501
164300
171064
157080
160533
170935
162790
155340
155626
162824
170745
158976
164633
5316069
176495
175942
176714
177090
178829
177828
181121
180702
180538
178934
181701
182142
182239
182266
182169
182658
182376
182277
182406
182408
182761
184130
5459113
71586749
185465
188113
188707
189308
185914
190617
193681
185837
210990
215159
251884
253856
240230
250402
188439
189454
189668
252690
258956
6100671
235307
271303
188750
270626
279064
156170
285344
284998
286755
303906
328233
341189
329983
336435
337601
352542
361537
365926
387195
390664
394146
389000
402594
24154
370912
441757
439791
441082
441589
398936
441724
420422
398554
440259
441443
442206
442180
442205
442150
442128
399204
442169
442289
442631
101286272
442899
442810
442941
442764
442989
442922
443002
3083574
442998
442978
443012
443722
504479
519074
519465
448996
100203
6431302
534962
529006
530421
534429
492901
519764
3084311
519756
526931
467498
534683
481707
539036
527162
535269
542685
12300073
12302222
536446
15560330
537126
556516
541755
521268
500452
556916
549047
551295
547749
557612
568041
566657
576906
572331
578237
578868
573106
583109
579336
568565
583154
585744
591309
583494
589579
592857
591722
595094
595137
595773
594578
595385
597971
600671
601627
629853
442343
600219
637335
641668
1201543
601259
601829
688837
494501
596401
1268111
3035981
3013625
3080988
618654
1550846
155236
2826712
3037448
638277
3035003
929262
3081016
3082772
1023495
643820
3083876
2752597
776150
638129
1742210
3084770
3084765
3082748
3084276
3083908
3481851
3085257
3085365
3496498
3716901
3990672
3530567
4262362
5241825
5273464
5281514
5281492
5280389
4913356
5281342
5281635
5273807
5281424
5280656
5281493
5281697
5280759
5281460
5320250
5281522
5281498
5281604
5281763
5280457
5281695
5281396
6429301
5260103
5281868
5282248
5283348
5282950
5280507
5312603
5315204
5317205
5319694
5318224
5315768
5318332
5315422
5318372
5320768
5315646
5316765
5318090
5316774
5318358
70702
5318829
5352449
5316594
5322112
5320782
5323652
5320506
5316793
5352461
5317750
5317633
5363633
5353734
5363741
5364231
5365639
5365703
5367807
5366240
5374858
5378566
5378771
5367639
5479778
5373784
5462442
5479775
5458902
5472440
5460362
5369209
5477999
5484238
5489404
5489400
5376979
5374311
5488808
5491513
5491776
5491795
5493674
5748541
5373259
5459293
5748562
5378702
5481229
5463452
5493675
5889042
5479774
5810067
5951499
5901370
6052009
6019677
6325075
5986428
6428444
6429022
6427119
6427486
6430766
6432312
6325610
6427488
6429100
6436825
6436484
5961410
6431294
11116492
6428961
6426908
91746712
6431481
6429343
6430313
6428969
6427211
5495849
6439003
6438495
6430792
6440615
6438562
6440816
6439175
6442294
6442890
6442458
6442526
6443900
6443646
6443833
6429304
6451920
6452077
6474295
6708759
6931243
6912281
6918612
7099939
10067873
10106139
10219489
9973861
6992053
9975297
102095830
10085878
7040274
10045636
44567645
10022393
10038552
94672
10064778
10249800
10314695
10236014
10337542
10358166
10378981
10367978
10405602
10379640
10401833
10403490
10424762
10447696
10545230
10469865
10477119
10850332
10519101
10871980
10752529
11022778
11063977
11400799
11264975
10922465
11064442
11243941
11040937
11446520
11045436
11131999
10923312
10948757
11013000
11709595
11723249
11100628
11392488
11244593
11546423
11184822
10883375
11000442
11806869
11779542
11346860
11953368
11058141
11711453
11953913
11876182
12004175
12019473
12143915
12302131
12302243
12302285
12302286
12302744
12304407
12303714
12305452
12310532
12310843
12311284
12487714
12305191
12310688
12309449
12972110
13870574
13661032
13857953
13917410
13704005
13914992
12312776
12407248
13917402
13914993
13873659
12508287
12311200
13918681
12442899
13939319
13917397
13939320
12315463
13944074
13939321
13964005
13966146
13965865
13946382
13944257
14015408
14015411
14015413
14018337
14018712
14018335
14021255
14104268
14055878
14038842
14188385
14138149
14109869
14133589
14021258
14164993
14282794
14135317
14188384
14283884
14286070
14151009
14283260
14355826
14285022
14189418
14188404
14312562
14412554
14376438
14017299
14396628
14454540
14563784
14536296
14543198
14283388
14563011
14412557
14583602
14583603
14605187
14605184
14691941
14704460
14753671
14755542
14757943
15109105
14779669
14484690
15232793
15351062
14890283
14756217
15558975
15560612
15559632
15126653
15226632
14839957
15307925
15386508
15413154
15596587
15380215
14778358
15560441
15558522
15736297
15693439
15725814
15560371
15559771
15825655
15939844
15838234
15948056
15923201
16072922
21576272
17756737
146808
18680256
20485945
21599740
18684078
18622957
21636106
22212972
19910294
21626500
21573658
22212995
21679845
18632430
22142121
21593625
22998818
22952976
22506525
22998364
21589010
20756463
23246261
22214449
22323960
21679156
23664985
23874492
24148538
24096391
24190768
24208770
24978162
25265910
25171947
25202715
42607550
44150282
42607551
25203312
42607982
42608071
44257310
42608057
42630816
44138996
44257199
44257420
42607919
44257399
44257316
44257326
44257198
44257431
44257335
44257328
44257418
44257610
44257464
44257526
44257567
42607549
44258156
44258691
44259556
44259713
44259088
44259051
44258671
44575537
44423026
44258672
44576309
44258438
44584756
45267063
44715837
75144796
46216681
54100766
54611245
54714260
54675850
54396466
53249763
53440428
67821499
56924026
54702662
57459394
56996345
56658060
56659753
71436829
71597391
56842347
71586746
56683359
70689651
54680783
69381494
73081379
91747346
71587387
71750058
73809947
71717616
73950881
71439415
76967674
73819907
74039602
76333842
78178011
85584195
85102744
85214158
73815070
85798297
88425666
91746711
86219227
91665877
86103922
91746704
91885241
91699070
91895299
91664814
91746503
91895271
91747494
91885218
5352484
91884812
91895364
91884873
100942617
91753503
91750195
91895389
91747125
92446265
101119215
91753981
91747185
88254595
91895478
91753519
100933428
101241675
101041139
101133884
91809639
101289594
101297664
101316777
101366731
101674027
101437129
101662590
101552747
101995827
102232176
119025924
101656880
101967060
102316529
129627810
101981632
119025718
101690823
129711776
129643886
101676196
129709643
131636670
129774361
129880591
131750976
131750952
131750990
131751072
131751109
131751401
131751424
131751186
131752013
131751353
131753015
131752721
131752355
131751451
131752045
133556442
131751410
131752230
131752733
131752718
132918182
134715257
135438592
131751905
131753027
131752722
131752609
135438593
135534490
135438591
135778936
136798824
133562511
127
763
5143
138112870
6030
6047
6238
6813
7122
7745
6488
7022
11776
7304
8467
10949
7507
10694
13220
10873
7668
7288
6432474
12180
10108
7702
10006
12529
7888
8061
7219
11671
12580
12855
14128
11176
10724
11137
7968
11271
9958
11543
16217
15782
13583
19913
8299
20124
13621
19211
16251
13836
16523
20534
27208
31721
60983
36744
61024
62098
62433
61384
62842
70267
69644
67486
66021
82191
78828
80220
94217
68140
69733
69980
62332
72075
94274
68488
1201521
88590
80922
79362
95715
76935
68073
13092557
90789
77648
73065
14525
69146
81489
97783
66520
86749
86751
96407
98285
86781
98477
95978
100699
114679
102526
5283366
118487
119389
125391
123089
123784
131191
126414
138508
142020
145156
149782
148556
152213
156237
150068
157315
167596
158095
183084
182444
158928
188754
177099
185310
189660
165547
155224
185208
164656
179411
189086
188424
189726
158671
160190
184518
156852
189728
183645
161409
176981
189559
150961
190982
161229
194006
190366
199534
199654
219833
253955
261578
300362
346868
375142
349315
300085
443027
375959
398934
355646
441575
91748749
422682
441983
440554
527247
527424
523863
529402
442151
399199
493302
519330
4490284
12046149
439918
432337
521262
442938
442811
497209
538757
546235
534246
448503
529885
271296
529446
556196
541846
558123
566112
566139
568837
573663
578236
582279
759292
578105
3037648
589501
636881
597741
1471585
577614
3082069
600902
3000633
3459141
3082691
641262
617233
2751800
3004297
630215
719233
3081441
610035
3083598
4302704
4678093
4486617
5112322
595425
1515876
1712010
3083726
3015179
3082639
3083797
633439
5280655
3806114
4149208
643006
588355
261165
5312381
5312744
5316074
585936
5273570
4398339
5316891
5316262
5318847
5319998
5317369
5319562
5318357
5363185
5320823
5362798
5320990
5357488
5319733
5702654
5316837
5367535
5368451
5372174
5376484
5314180
5377267
5377412
5378599
5383438
5459254
5491578
5486900
5491588
6423865
5918474
5781145
6428962
6428928
6429324
5351234
6431226
5364789
6429215
5321913
5316905
6433293
5364949
5364697
6432671
6433602
5319874
6432045
6437384
6440311
6440207
6443107
6440605
6441961
6477001
6453474
6452120
6443194
6712606
5318214
6737485
9994897
9970687
9994145
9997066
9995643
10058925
10087731
10085008
10074476
10104838
10265117
10400914
10131321
10384155
10407822
10466564
10468587
10331844
10404106
10445925
10452999
10429288
10821969
10899903
11126441
11108542
10987385
11012583
11052947
10469828
10411216
11185914
11095273
11074385
10643000
11109030
11264158
11078214
11345005
11275724
11290102
11355587
11400841
11277329
11403490
11530478
11783510
11843975
11723789
12045806
11675006
11807014
12047617
12114761
12187321
12214327
12284330
12254997
12310964
12309890
12304570
12444831
12714658
12877783
12446728
12740861
13648247
12978158
12978160
13845880
12444666
13894262
13857176
13946332
14008907
13942807
13116441
13967192
13970503
13994632
13988328
14019097
13999802
13895563
13790504
13918477
13342867
14189052
13995227
13939876
14015996
13915506
14283285
14058989
14212253
13918461
14135402
14392981
14259836
13858913
14037349
14375938
14414499
14429408
14189053
14563783
14630572
14680171
14633051
15108711
15160196
15127384
14804158
15715157
15108779
15940321
15590167
15558431
14830706
15233950
15939900
15118825
14841120
15558417
15693867
16217806
19786014
15910545
15559671
15730565
20484850
21636047
15226551
14804151
21626423
15945066
15287083
21632835
20832633
13992469
21636044
21672519
21723145
21722171
21724884
22753774
42607546
23260137
21972060
23259462
23260144
22364241
24867644
44574437
25172739
44258304
24898872
44575270
23260136
44583832
44318898
23260141
44558951
21829806
44260109
102004710
24755478
24721085
44559760
26450696
44719452
25090692
45482811
46216680
45267954
49857633
51520704
53439039
53952704
53803770
54135459
54694371
54438079
56842722
56650094
57489663
65545544
59053143
70697378
56841131
70682746
57369849
71410614
71346280
68741157
71317103
66963592
71396179
75368818
76323252
78358520
66715317
71434464
74766011
71586811
85863764
58451233
80749860
86108904
86346375
86150014
90658877
90477642
86572845
91746482
91746501
91746522
91691738
91747322
91746575
91749258
91749257
91752502
100935372
91750164
91748135
91749682
91753473
91884957
91753264
101288319
91753183
101243263
101042366
100966488
92033736
101045971
101418806
92015261
101432348
101297697
101297684
101131179
101352468
101316921
101519185
101519186
101549412
101532856
101589338
101601180
101600317
101593499
101607172
101297681
101664165
101600448
101601182
101656883
101656881
101634636
101682237
101601181
101665849
101995828
101634632
101833767
101670978
101637393
101643625
102004576
101703196
101606432
102004539
101606434
101926857
102134909
101672365
102032677
102067276
102364050
102326871
102506561
124605001
129206075
129320390
129629182
129650338
129829646
129630377
129674974
129693803
129664472
129650753
129861792
129819706
129882944
129774363
129663365
129698394
129829598
129829285
129847722
134714825
129706500
129825864
131752680
135403802
132277303
129847954
135764904
135809744
135665555
135436526
135922760
138911117
138112747
442482
137706224
28237
621307
12302149
12304985
12303902
325601
5319512
10224
6428986
6432706
579873
365099
6432709
5364448
91749656
73397
5321147
5352428
5325830
72615
185954
6427214
21671
16724
5280598
442393
6432447
85780051
500043
5032
13783715
61362
13994710
5491636
5317571
91748137
1549019
14109016
66577094
73404
159055
521496
14526072
91747230
5362620
102093832
101241953
442148
44583967
44583830
11701473
44566753
157681
54211230
99646
67027613
6427087
9813266
53940505
92852201
5702609
21729595
13559484
443322
15858981
443700
91746513
91753195
91746610
2751796
3034112
9975641
14163574
9841711
5498519
71711121
13803637
442720
73213927
5319464
12306046
11030837
6429274
12299867
90806
442359
13240187
442138
14038843
101600447
5282949
7460
91747338
6027
71586977
91354
6430608
578305
101593134
6431015
119057415
176535
521569
164599
63224
13092559
479502
5281515
12305373
129660911
11586487
9064
519662
5281553
6448
65575
6432469
71456946
162747
5477854
44257628
5312583
6616
46173966
91753502
6429077
1549992
10362
88297
5320128
101629835
85567
102024
101796751
87839
51351709
6428435
6428460
76319464
19725
67179
73413
91747196
519857
135398570
5316200
439213
10887971
5793
5204
160799
280286
520461
15406
72276
2723872
586292
234823
439215
11008146
5838160
12300148
637566
611672
441070
44574537
115723
64689
442236
6432225
442726
9851693
91749984
251572
11953926
21591456
134715000
23623868
3753277
527217
66577093
45056
101660347
15690922
9799500
1796220
440966
11321141
82229
22311
101612
151108
92812
697545
440079
439195
1254
444294
12223113
12312555
821396
11051711
2752274
26447
6432254
5356352
5459034
439250
440473
91748903
637776
6453733
18950
91753440
793841
158566
2729164
5284507
133454
6254251
184135
73117
443014
164619
5208
800239
193552
94147
35524
101091318
25310
11038
6987
94266
27866
382073
13747828
21123609
500088
10975657
15070257
21140335
15094
116625
6429269
11869576
5460176
9992853
122484
12492569
449290
89664
14048819
14162648
6429203
135191
550088
70678558
3084331
91747399
15939852
15421
102283534
90351
10992619
91747474
14219445
91747473
6427108
91747472
521253
10263
594594
12462
15507
9859337
6912
91747323
10163855
6429035
101924433
407038
6432119
31287
11317
91747324
5378860
57284057
91749980
38621
19087899
28557
12343
5367382
521333
5352485
12300118
5372637
119097326
11610
91746681
69821
36108
85669481
595401
20275
5352483
21681001
19502
136607
21210
253228
129761261
13533
582636
537752
544055
91751298
588702
26057
81616
563178
15825656
2734646
537321
101130
102283535
69823
68529
14711518
15549266
9548
521465
11670
11447
522039
41126
140765
594413
5371124
11449
537327
11747
17696
545612
11511
570480
16265
61814
6420399
7958
77728
76538710
247477
8697
25045
77408
24750
19603
8364
102495
5355130
21428
5362661
606307
13854
7359
625784
15653
6210220
95594
138211
103653
557171
118950
11611
19974
62445
5363147
6428912
543258
520984
521666
4428124
156477
9603807
11514
97987
102003488
170398
8615
6429333
77528
77907
15449
71370288
5387771
626529
11233
23407
5365899
68126
542174
5376501
31225
589741
77844
75364
79105
11509
5375268
228129
61400
572048
102116911
91747336
30945
29995
5463609
6420727
15512
140213
62484
90670
91747325
66099
11229
61020
33937
11732
520680
6433214
5353002
102846
79086
90960
537329
77091
92239
86785
11507
6493
556867
10057450
8456
91750212
525328
538954
537122
5367548
583676
20861
5374604
111509
14597914
30364
95609
297360
85925
99868
519452
5363876
121780
29909
7690
253217
7910
95292
8034
101998018
5366856
7739
91747222
7822
538906
15654
27518
6429079
29593
16997
352051
14657398
10405
10725569
94213
605390
12578
21723995
95495
136582
549953
11126706
338713
74370577
180537
72993385
13572
594234
5371122
86783
6429036
32045
91751299
21160893
6429033
10015
70028
22212606
5365087
91748774
527421
11194392
98781
608370
7330517
91747340
53903190
167540
593959
537408
5283367
536398
6420248
21675862
171360
31266
6420247
86819
16299
525330
7294
91747342
91748878
91747184
8821
521927
7695
165536
101670394
69667
7705
5316848
79554
7366
7708
7646
23367
10869
82584
80960
31255
250096
136124
20054950
6420372
16679399
11529
14909256
117336
15677814
35408
7798
91700388
82511
549742
12294
91748522
57339424
14106373
5287620
91750420
24114
8007
638057
101108
39742
584507
42534156
6428437
10447484
16410417
7353
101698415
534457
91748904
13918856
10454
101850207
529750
7981
8663
5367698
21116838
5371102
5367681
10403
100990
6430793
61416
91747362
14707110
11523
15504
12146
27938
527418
111446
91746682
6420999
13747942
170977
91747928
15825504
6365714
6420354
526687
6429341
101925674
6428415
91751300
527108
91748888
17326
6430797
11982167
527426
7766
529299
12021
74915
5352456
129650907
539496
577053
6432847
81772
5363206
29096
13721211
5318599
13204
104285
91747486
5365004
91753200
5352462
7820
529752
141999
5352973
7269
638758
75486
6441887
12304250
91753458
6428572
5317045
15071433
5363205
91748889
5282707
12766
98467
6429176
6430727
5375161
6428427
6429178
129689900
21591457
91747204
75069
11980
91747475
31249
90232
6877
7344
13509826
8048
8025
10883
5317247
7797
12729
7749
1550470
91747476
31251
543400
12284386
557222
7671
61167
16667385
12311001
6429131
5365842
429065
5353011
90472998
5352875
61166
76581
6427495
5365850
15233562
129847937
14187587
91734835
6438313
100768
5362623
53423642
35349
5352825
263034
5463146
91747205
15825654
91747477
77302
6429080
76354
81464
81591
79544
91850
16670
118262
69963
12178
22873
520326
138824
7137
530286
91751309
17072
79582
522214
91746504
534398
5273467
6429322
60998
6435040
61184
74901
800
522676
6429038
15450
600416
61914
78120
13557
16872
6430825
8255
90971
91750096
70694
22082179
10881804
626608
91747478
119200
12402006
12613
21606
10542808
91749835
61048
15380912
101999902
562404
102550
44602442
14218027
15840593
3083632
23535
392443
69961
535296
7943
565584
162458
5364409
19223
5319228
521979
7824
5366840
18898
520082
77314
10855959
6429300
520593
62321
136445
519845
6277481
15146
521064
39914
62908
552631
519895
73879
11124
69027
549676
5319765
7151
554072
13143
9983050
521941
91747480
83412
12815182
528709
15606
19754
572867
643800
20393
602152
896
119852
243793
550559
11614
89383
524260
70709
66751
34704
61780
522161
15651725
12784
6429211
534994
225536
16270
75554
75872
8073
231360
3881907
8176
590994
34627
14489
6430773
101153
7997
181104
74977
5366351
7803
138418
102328535
7146
2858607
75612
8657
44575339
162239
69351
107059
12571
53445306
26332
221641
7809
1048
1757003
21630872
129712298
73750
5366078
313474
6013
129675086
9256
1136
5352516
10356188
91747331
341779
129845685
32033
6548
17648
572861
91463
579152
12367058
522673
61295
14219461
7269958
5353006
62328
5363099
129704175
91747180
252359
534645
71407484
14610867
91748291
61171
544162
10043097
5369957
24496
108011
558173
6365436
156765
61586
60995
8347
10800304
5851118
5352543
82227
91746484
12315492
14701631
5364953
524255
5364959
91747467
5365587
28937
440968
15560069
5280535
10129
91748890
61185
20055539
5367762
42608158
1201530
10534862
99483
442501
440967
5365027
10265551
247573
14219460
91747332
61953
15656
12315151
6429179
5352140
70555932
443162
129845680
10290825
91692753
16656318
6431142
2724161
5877292
102667
854498
6430906
6427501
22215197
6428417
12315149
528755
561871
6432398
11996452
85904
559069
6429302
8680
6428371
14446957
88242027
16217514
5370052
5352882
519254
557156
26375
91730074
71348348
6430464
101372332
6436710
6430307
101131094
91691590
5364977
5367366
5280341
9638853
16217350
592139
91704044
561019
5352808
5362854
86067
5364578
5362708
5352267
519255
14542439
6431043
11052117
5352465
5365049
91747422
5312401
5380962
91748845
5373127
5352146
13552505
71332910
5463962
169145
579157
15302
11903
64152
12634575
521902
12160
12691664
69977
589005
16668
73726
13207
7002
590285
185226
584289
79803
8981
107213
565551
568501
14315
7149
222536
557663
263851
22172
228769
94276
519195
7166
549623
22035261
8404
7005
30755
12100
521300
565677
30874
10695
299882
136810
11416
585258
10964430
11605
8864
138385
549926
5367475
11564
5365557
6429347
12173
542235
91694454
535386
80356
5365758
565746
12668434
543854
11326
17902
14360019
88030105
21264
81117
5365838
21319341
12343165
140402
519434
6915
522537
70258
559088
91751356
534610
560684
558511
20474
267569
7636
73818
364010
13198
97881
91751400
5367751
14511
584541
5367363
77462
593890
110740
11920
87291600
23497921
75547
596373
15590168
575788
12986
14519
161716
87689
6436502
14266
17942
29838
569166
123425
61031
18687
537697
136535
521355
638122
12489
5363351
53643885
102855
521985
139803
31368
535346
5370208
20831
22355462
572089
544743
17785347
5367755
7341
112255
5363734
118745
5357388
530406
11936
6430801
13379
549973
78215
12129
13885
176505
13010
12278
561269
546286
26839
5367615
2758492
11386
16656
572949
12590282
11752
69175
7907
7771
71341523
16694
558476
3440137
10254
10698
33658
15570
62913
90552
8035
22015
12266
6428964
5369030
5362838
549685
146102
573534
538933
134821274
138834
10438
71401784
5367953
59911029
11520
545608
549002
61527
5365624
5365382
102326
138048
5368778
107235
579073
5367744
6430159
10823
521348
568123
11460
557178
576908
11519
13845
101
15379
17130
518810
4075149
18361659
5373819
545772
586728
11455
549297
78879
7802
12105
6429317
11476
25793
6429316
7970
7529
108879
5358333
595620
11450
79990
543889
11931
519396
17874171
7249
13192443
53426133
5363685
20739
641351
70135
15312136
98346
43489
538448
84849
537551
21458
34225
10371
12182886
85807708
11030039
558502
12724
10149024
38756
5369061
15420
17355
534441
7453
5362893
28468
520485
21457
17835
12247
143345
124881
10696
10956
5358315
609857
5362894
27683
35960
33109
580057
519456
39661
11558
592450
11559
612605
615367
543977
538687
5363537
13561
15607494
537397
10655754
5370331
137530
131751995
221194
5352481
12214725
535068
570683
142131
14482758
7728
6429134
545303
70705
565709
528742
16324
102117208
13115241
7757
108244
5371002
522553
11062957
529770
5363881
88474
7918
10987802
7850
8878
24117
6420234
525329
91747869
14681481
15717
589433
42608193
3080635
135215
137419
6429133
61812
6428086
28813
31227
110801
545130
42608198
8012
5374041
5355254
97897
535256
12463487
91749627
91747530
10910652
548958
5354883
5367766
544591
129848326
89306
6779
5355855
572856
21122289
548879
5369997
229387
81353
7336
5367959
91748678
91749927
134812252
91710482
639284
91746686
5367682
519954
5312378
136674
6430738
6427492
14299
6428412
349147
111440
91750143
9265
5316141
107252
557320
563197
18502
19503
9253
20057
74819450
6432485
91715050
565267
12308850
91750187
7044
77932
25775
135636549
109318
8452
35413
290961
9012
29718
229385
11084487
20284
7761
7037
26312
91700516
136346
549684
556685
80354
92248
122403897
5364768
7268
9946625
561869
12313474
10714
679
75953513
73802832
9796891
137847
66957732
5362583
572956
5364399
61451
14256
11031260
110975
61934
5463194
54310401
80169
238498
525358
123388
6437648
61985
3019983
220701
91747492
533716
91749468
529454
91752697
91749467
643237
61342
6366072
62592
122966
18282
240119
1550884
91748563
12327
12352
7752
100215
78152
75320
76459
10326
90202
59518515
6428455
8052
6874
6423867
7600
227544
81788
1549789
529455
169223
18757749
10907
535389
221691
527822
5367745
25068
87598
13654
91748550
37839
101635456
102056373
91753591
110923
527270
6431132
545235
10194
570529
112045
7923
21030
522757
521747
70247
573220
2750488
59824267
12206
550010
527272
105510
80507
28358
15607
13546
12775311
552199
61151
6429313
180523
5319992
103553
88243
11039
5323650
5319724
6753
20748
18460
18118
66737
5352691
3134
7717
15775107
91753282
91747484
536595
8168
14133657
69081
41971
33744
75836
238797
15601429
524266
81886
11340
78161
61096
17258
76851
11505
7731
6420700
539044
20197
10994
79545
247995
121739
16993
6420410
22013424
92215
12337624
69415
527141
31229
5367937
531145
13642
75766
71587112
12161
520103
296248
12497
78798
613194
7811
77255
6423436
173534
15593948
91747420
69446
528716
5881
5320722
31236
5373801
57473083
91747485
13174
588508
91746870
6431306
6431308
91752258
529459
6431304
527220
5283028
529461
88481
97932
79098
13037
62140
107272
550030
88561
57458835
15098633
573697
129734163
12312615
229716
5284636
520758
101635455
521562
181580
44583958
567757
5365800
577203
101641323
12444487
91748321
15276127
524195
8991
6509579
91704179
91750423
90470826
90787
40514740
101603213
443181
13786700
12302231
25203009
90963381
12300069
129670266
13871373
10036514
NA
NA
5318039
101614240
NA
101417891
10176665
NA
100962
101615233
101638096
10014358
342801
101417765
101412242
102504
102491
103589
101289803
NA
102145676
13871369
10345
104307
101628
10375655
10383
101599321
102849
10351
10315
102487517
102006021
101097
105516
90761690
106658
10560
107372
106756
10750808
10817
108518
10910959
10821
108625
10942788
110664
10997259
10997884
11515
11217254
10989
114416
11168
118325754
108662
11309487
11604
1127
117477
12216
11675
12058
11897
11171084
11116225
11748
11782
12152396
11252129
11420
11616886
12053
121051
11549
12200729
11892
119634
10983572
11952
121731
11009509
112733
12244
12295
12311065
12309880
123212
12303765
12338
12329
123568
123222
12386
123409
12372
12392
12203
124121996
12429702
12453928
12481804
12524
12546953
12610764
13230
12642427
13163
12801409
12882493
12516
129847952
13026600
129847841
13097902
129658968
13194822
129819800
129640025
13047
137928
12649
12932773
12674
13153916
136232084
13398
13070203
129636358
131751584
129710410
13828371
13751946
135679867
1268122
136038713
138181
129829942
13587
13886
13612
138117
12852568
136214
136617
12652913
13901618
136729
139121
13892
138933
138959
139395
140045926
13652
139568
14066
14056365
140668
14040251
14088350
14176610
14252428
142132
14844709
14070
15294
14272
14508
14109421
15139933
15506
15275826
14593276
143850019
14565843
142629
14556962
15505
14291
15350
14809989
14496
14140886
14265
15395
15372159
15624
14845386
14915819
15229
141792
15409431
14830703
15431
156221
15227485
15133708
15710
15755823
15559873
14899745
15906
141033
15560256
157129
15827
15801237
15790737
162002
16266
16320
16396338
16418
164634
16479
167602
16537
17429
18309
175854
16912
1727
17623
20205
16662
17299
18651
17755054
189722
166371
20046
1712058
19820129
183540
19835
18757741
17780
201772
17586
19803
196885
175211
187242
183539
18303
17877
20219
18398
20682
16664
18940
18757719
16835
20995
18365522
20859
21118715
21263742
20242350
16944
20498
21265
21476
21496
21574
21584
21591454
21630873
220090
21775138
22217
222528
22253297
22236753
23617872
234485
251510
24197
26334
25916
251531
23305
22499
252327
262942
25021690
26989
229993
229888
24354
248934
275617
26058
243783
27470
278506
22649
23178
28455
27940
23659164
27457
28906
269494
3015923
28021
22266808
3016055
256516
22294
288143
225700
2751794
28378102
3019777
31219
31286
314195
3701966
328893
316580
41054
31288
3611
31296
33960
442471
320362
40707
518777
519189
37153
318158
520188
519324
520445
519564
4452795
32093
458185
519379
520040
518937
494439
519249
519466
520305
520295
36336
518689
340
519893
34224
520753
520911
42151
3651
521746
520574
4685
521472
522020
517974
522068
522319
524005
522440
524199
523023
527144
521973
527206
527158
527259
5281154
527821
5282709
527477
5282728
528855
529296
529496
5314058
535250
529451
53401233
534794
5326164
530543
5352486
529302
533662
5356259
5316956
5362881
5352838
5318017
535379
5352482
5358902
5362910
5357650
534055
5354125
529514
5362837
53438593
530395
5358327
534113
534552
5363233
53628256
5362816
5363406
5354896
5363334
5363140
5363505
5363389
5363138
5363700
5363867
5363898
536377
5364360
5364559
5364517
536450
5364778
536453
5364586
536547
5365642
5369956
5365847
5365696
5365794
5367328
5365650
5367677
537264
5371955
5371123
5365552
5370125
5371957
5365738
5366039
5372357
5365976
538089
5368485
5370502
5365818
5370886
5370832
5369969
5367385
527087
5364718
5375218
539553
538804
538935
5373836
537574
539850
540132
538520
539585
539416
542162
543405
543517
543985
545581
545728
544157
546129
5462879
546293
549291
548928
556488
550290
558615
55250347
560441
561029
549336
556800
551387
566137
559104
549894
552108
572127
557564
565253
57154043
565262
557117
91753726
567880
573574
556537
556567
5558
557872
57193976
575308
572122
570507
567606
564610
576718
572961
558458
576409
578115
5797328
577126
579338
580935
581046
582638
580944
583063
584223
583124
584585
592057
58526736
585537
586565
586160
590290
590877
595928
6040503
606304
584965
61054
595121
595633
595990
608879
599058
5925004
593889
585911
61240
61204
61270
585001
592706
61319
61010
61302
592822
61209
595340
590780
595131
61304
620001
591903
61661
61517
61832
594448
62510
61143
556920
62044
636442
62752
6366591
638144
586248
638070
638228
637196
641298
6403
6417
6422908
6428351
6428965
6427135
6427078
6428349
6428361
6429048
6428406
6428376
6428379
6429045
6428381
6428367
6428390
6428375
6429154
6428378
6429174
6428796
6429158
6428530
6429155
6428970
6429137
6428373
6429164
6428984
6429135
6428350
6429156
6428967
6429165
6428396
6428968
6429270
6429068
6429157
6429166
6429090
6429159
6429175
6429163
6428929
6429168
6429162
6429206
6429138
6429398
6429349
6429315
6430759
6430758
6431196
6431305
6432144
6437020
6433992
6432846
6435882
6908
69354
6431449
6445771
67406
643587
6441344
67741
6554
69042579
66329
6431310
6436727
68382
67144
69224
68481
69705
67173459
69396
6442560
69403
68843
6433644
6631
6441593
69523
6985
6437425
6857764
70133
69995
70610
69714
7094
6451304
70952
70972
71341358
71360359
71364384
71395781
7169
7282
72919
734154
73472835
7301
73802830
7364
7509
78453
73015594
74346
74128
73227702
736889
7792
7523
78750
7414
77678
74732
74170
76719
77151
75801
75140
77810
7714
7937
78724
7892
7921
7413
74069754
78925
7355
7658
76883
7915
7900
78962
79552
73737
78153
77783
7964
7602
76552389
79523
79555
7959
7992
80421
80046
80165
8013
8008
8080
80551
8066
81597
8160
8177
82336
8344
84467
70697931
88792
85582292
8844
85789
86228487
88453
85730
8169
90993214
86056
86014
8868
85243417
88693
87291688
87074
91419167
86044
85945
85190560
86755
89989
85239073
85704368
87466
89464
83797
8437
8899
85522
81795502
85282
82480
90424408
88454
91727711
91710638
91714964
91746444
91747151
91746673
91747178
91747157
91747179
91747306
91747199
91747776
91748132
91747344
91747469
91747889
91748887
91749511
91747459
91748043
91748861
91749887
91749963
91748860
91747309
91748731
91747307
91747312
91747911
91747483
91747326
91748781
91749830
91749466
91747777
91749982
91748747
91749465
91748791
91749998
91750030
91748523
91747489
91748792
91750097
91747481
91750163
91750139
91750428
91750425
91751351
91750184
91749849
91750185
91752257
91752786
91750424
91747335
91753231
91747311
91752854
91750199
91753565
91753654
91999216
9338
91753767
9309
94314
92927
94251
98492
94277
9855585
94292
9834009
98972
9855536
9579755
9997
98673
98677
9877385
9469
